256 60 400
5.0e24 0.0 0.0 0.0 0.0 0.0 0.0
7.0e22 120000000 0 0.0 0 1500.8585043234423 0.0
7.0e22 121065601.8222021 2983653.2962596435 0.0 -36.80864308668766 1493.5584282312295 0.0
7.0e22 122056366.92012109 6019797.5256733662 0.0 -73.262251889681849 1485.4526684501884 0.0
7.0e22 122970356.34032629 9106540.0020198915 0.0 -109.34570220939308 1476.5520122889482 0.0
7.0e22 123805679.36402848 12241924.384396493 0.0 -145.04408313180599 1466.8675190278207 0.0
7.0e22 124560495.46591066 15423931.914925534 0.0 -180.34270470620319 1456.4105168364615 0.0
7.0e22 125233016.24100809 18650482.714319456 0.0 -215.2271054660107 1445.192599419194 0.0
7.0e22 125821507.29797603 21919437.13447522 0.0 -249.6830597908901 1433.22562239747 0.0
7.0e22 126324290.11710609 25228597.167222448 0.0 -283.69658510815634 1420.5216994386135 0.0
7.0e22 126739743.87147403 28575707.908303399 0.0 -317.25394893156385 1407.0931981396845 0.0
7.0e22 127066307.20962644 31958459.075617287 0.0 -350.34167573548137 1392.952735675043 0.0
7.0e22 127302479.99823934 35374486.580716617 0.0 -382.94655366245718 1378.1131742159141 0.0
7.0e22 127446825.02320834 38821374.15249899 0.0 -415.05564106217383 1362.5876161300523 0.0
7.0e22 127497969.64765728 42296655.011994049 0.0 -446.65627285979019 1346.3893989693652 0.0
7.0e22 127454607.42538258 45797813.597102784 0.0 -477.73606675168077 1329.5320902531857 0.0
7.0e22 127315499.66827975 49322287.336104177 0.0 -508.28292922659995 1312.0294820546917 0.0
7.0e22 127079476.96633033 52867468.46870286 0.0 -538.2850614103171 1293.8955853978014 0.0
7.0e22 126745440.65876086 56430705.913351186 0.0 -567.73096473180442 1275.1446244717501 0.0
7.0e22 126312364.2550177 60009307.179539651 0.0 -596.60944640909372 1255.7910306703864 0.0
7.0e22 125779294.8042383 63600540.323710844 0.0 -624.90962475295476 1235.8494364631176 0.0
7.0e22 125145354.21193349 67201635.947414353 0.0 -652.62093428659944 1215.334669104315 0.0
7.0e22 124409740.50263388 70809789.236283287 0.0 -679.7331306796641 1194.2617441878813 0.0
7.0e22 123571729.02729107 74422162.038377941 0.0 -706.23629549477675 1172.6458590535799 0.0
7.0e22 122630673.61426242 78035884.980406001 0.0 -732.12084074507789 1150.5023860516476 0.0
7.0e22 121586007.66274993 81648059.620296612 0.0 -757.37751326112038 1127.8468656721095 0.0
7.0e22 120437245.17760311 85255760.634571865 0.0 -781.99739886565203 1104.6949995451578 0.0
7.0e22 119183981.74443825 88856038.038927943 0.0 -805.97192635483873 1081.0626433188622 0.0
7.0e22 117825895.44406968 92445919.440408349 0.0 -829.29287128457156 1056.9657994204342 0.0
7.0e22 116362747.70529117 96022412.319521472 0.0 -851.95235956057468 1032.4206097071808 0.0
7.0e22 114794384.09509118 99582506.340627193 0.0 -873.94287083109896 1007.4433480132467 0.0
7.0e22 113120735.04543003 103123175.68889031 0.0 -895.25724168108547 982.05041259817278 0.0
7.0e22 111341816.51575387 106641381.43207292 0.0 -915.88866862674843 956.25831850324766 0.0
7.0e22 109457730.59046632 110134073.90541282 0.0 -935.83071090962233 930.08368982158959 0.0
7.0e22 107468666.01062641 113598195.11781266 0.0 -955.07729308920648 903.54325188783366 0.0
7.0e22 105374898.63919027 117030681.17754239 0.0 -973.62270743341696 876.65382339326118 0.0
7.0e22 103176791.85916092 120428464.73563622 0.0 -991.46161610616878 849.43230843216861 0.0
7.0e22 100874796.90406244 123788477.44514734 0.0 -1008.5890531514757 821.8956884852139 0.0
7.0e22 98469453.120202243 127107652.43440419 0.0 -1025.0004262735747 794.06101434545917 0.0
7.0e22 95961388.160237238 130382926.79239683 0.0 -1040.6915184126574 765.94539799276333 0.0
7.0e22 93351318.107609928 133611244.06440532 0.0 -1055.6584891159023 737.56600442215984 0.0
7.0e22 90640047.531471983 136789556.75596949 0.0 -1069.8978757035836 708.94004343180018 0.0
7.0e22 87828469.471764997 139914828.84328595 0.0 -1083.4065942301424 680.08476137600667 0.0
7.0e22 84917565.354179174 142984038.28810725 0.0 -1096.1819402402036 651.01743288894647 0.0
7.0e22 81908404.834765509 145994179.55520916 0.0 -1108.2215893196064 621.75535258438822 0.0
7.0e22 78802145.574026465 148942266.13048261 0.0 -1119.5235974416435 592.3158267369671 0.0
7.0e22 75600032.940367207 151825333.0377011 0.0 -1130.0864011087751 562.71616495034721 0.0
7.0e22 72303399.642839372 154640439.35200784 0.0 -1139.9088172902059 532.97367181762343 0.0
7.0e22 68913665.29316476 157384670.70816439 0.0 -1148.9900431558062 503.10563857926354 0.0
7.0e22 65432335.897079803 160055141.80159825 0.0 -1157.3296556069552 473.12933478385639 0.0
7.0e22 61861003.27509474 162648998.88028777 0.0 -1164.9276106049977 443.06199995687638 0.0
7.0e22 58201344.412815988 165163422.22552136 0.0 -1171.7842422980941 412.9208352826422 0.0
7.0e22 54455120.741034046 167595628.61957115 0.0 -1177.9002619473526 382.72299530459469 0.0
7.0e22 50624177.345832281 169942873.79832405 0.0 -1183.2767566532343 352.48557964897327 0.0
7.0e22 46710442.10902749 172202454.88691768 0.0 -1187.9151878833115 322.22562477692878 0.0
7.0e22 42715924.779304795 174371712.81643617 0.0 -1191.8173898025811 291.96009577005043 0.0
7.0e22 38642715.974464953 176448034.71972629 0.0 -1194.9855674076098 261.70587815424744 0.0
7.0e22 34492986.115254626 178428856.30440652 0.0 -1197.4222944659084 231.47976976686414 0.0
7.0e22 30268984.291303135 180311664.20114964 0.0 -1199.1305112620196 201.29847267185806 0.0
7.0e22 25973037.059743438 182093998.28533316 0.0 -1200.1135221519078 171.17858512781845 0.0
7.0e22 21607547.177146669 183773453.97016495 0.0 -1200.3749929273324 141.13659361354362 0.0
7.0e22 17174992.265452478 185347684.4694064 0.0 -1199.918947991988 111.18886491583842 0.0
7.0e22 12677923.412629491 186814403.02783227 0.0 -1198.7497673512892 81.351638284136271 0.0
7.0e22 8118963.7088519204 188171385.11758327 0.0 -1196.8721834177679 51.641017656489574 0.0
7.0e22 3500806.7190288641 189416470.59858856 0.0 -1194.2912776341586 22.072963961405286 0.0
7.0e22 -1173785.1074248294 190547565.84125343 0.0 -1191.0124769163222 -7.3367125000495426 0.0
7.0e22 -5901982.0886392333 191562645.80963245 0.0 -1187.0415499182666 -36.572359587528112 0.0
7.0e22 -10680889.02317279 192459756.103329 0.0 -1182.3846031216044 -65.618490765777381 0.0
7.0e22 -15507546.962692074 193237014.95638931 0.0 -1177.0480767518834 -94.459792455889868 0.0
7.0e22 -20378935.043363009 193892615.19148383 0.0 -1171.0387405243071 -123.08113128928834 0.0
7.0e22 -25291972.374819387 194424826.12769681 0.0 -1164.3636892214586 -151.46756126036081 0.0
7.0e22 -30243519.985529762 194831995.44027349 0.0 -1157.0303381057154 -179.60433077374913 0.0
7.0e22 -35230382.823335163 195112550.97070533 0.0 -1149.0464181691443 -207.47688958235693 0.0
7.0e22 -40249311.809885822 195265002.48556364 0.0 -1140.4199712237262 -235.07089561222492 0.0
7.0e22 -45297005.94766058 195287943.38252619 0.0 -1131.1593448348615 -262.37222167050174 0.0
7.0e22 -50370114.478207134 195180052.34207422 0.0 -1121.2731871011761 -289.36696203280763 0.0
7.0e22 -55465239.090200067 194940094.92337295 0.0 -1110.7704412837288 -316.04143890637977 0.0
7.0e22 -60578936.175870225 194566925.10288471 0.0 -1099.6603402877963 -342.38220876546336 0.0
7.0e22 -65707719.134318382 194059486.75430176 0.0 -1087.9524010004886 -368.37606855549802 0.0
7.0e22 -70848060.720185474 193416815.06842425 0.0 -1075.6564184875194 -394.0100617627333 0.0
7.0e22 -75996395.436113179 192638037.9116478 0.0 -1062.7824600525237 -419.27148434599565 0.0
7.0e22 -81149121.967389286 191722377.1217683 0.0 -1049.3408591623959 -444.14789052741196 0.0
7.0e22 -86302605.657136619 190669149.73985064 0.0 -1035.342209242167 -468.62709843898921 0.0
7.0e22 -91453181.020366713 189477769.17695308 0.0 -1020.7973573430313 -492.69719562203596 0.0
7.0e22 -96597154.295186102 188147746.31454217 0.0 -1005.7173976871761 -516.34654437650522 0.0
7.0e22 -101730806.02940732 186678690.53747907 0.0 -990.11366509313609 -539.56378695742478 0.0
7.0e22 -106850393.70078735 185070310.69850129 0.0 -973.99772828545781 -562.33785061569279 0.0
7.0e22 -111952154.36908057 183322416.01317528 0.0 -957.38138309250826 -584.65795248058112 0.0
7.0e22 -117032307.35806733 181434916.88433877 0.0 -940.27664553632314 -606.51360428141629 0.0
7.0e22 -122087056.9656875 179407825.65510273 0.0 -922.69574481844188 -627.89461690598557 0.0
7.0e22 -127112595.20038231 177241257.2895318 0.0 -904.65111620572179 -648.79110479331723 0.0
7.0e22 -132105104.54172042 174935429.98017219 0.0 -886.15539382018517 -669.19349015858961 0.0
7.0e22 -137060760.7233609 172490665.68164596 0.0 -867.22140333697939 -689.09250704801832 0.0
7.0e22 -141975735.53637967 169907390.56958553 0.0 -847.86215459459743 -708.47920522166874 0.0
7.0e22 -146846199.65096608 167186135.42423025 0.0 -828.09083412152756 -727.34495386225149 0.0
7.0e22 -151668325.45447433 164327535.9380638 0.0 -807.92079758355351 -745.68144510805269 0.0
7.0e22 -156438289.90379468 161332332.94692263 0.0 -787.36556215595544 -763.48069740825713 0.0
7.0e22 -161152277.38999254 158201372.58405975 0.0 -766.43879882490273 -780.73505869903261 0.0
7.0e22 -165806482.61314592 154935606.35670587 0.0 -745.15432462235708 -797.43720939883121 0.0
7.0e22 -170397113.46529666 151536091.14472106 0.0 -723.52609479883949 -813.58016522148944 0.0
7.0e22 -174920393.91941807 148003989.12098825 0.0 -701.56819493843284 -829.15727980579948 0.0
7.0e22 -179372566.92228824 144340567.59325728 0.0 -679.29483302043252 -844.16224716033412 0.0
7.0e22 -183749897.28914884 140547198.76720029 0.0 -656.72033143205965 -858.58910392241989 0.0
7.0e22 -188048674.59801927 136625359.43050244 0.0 -633.85911893669095 -872.43223143024841 0.0
7.0e22 -192265216.0815278 132576630.55786258 0.0 -610.72572260206744 -885.68635760723771 0.0
7.0e22 -196395869.51411763 128402696.83684178 0.0 -587.33475969295512 -898.34655865784418 0.0
7.0e22 -200437016.09247756 124105346.11455142 0.0 -563.70092953275923 -910.40826057415495 0.0
7.0e22 -204385073.30704784 119686468.76523113 0.0 -539.83900533858025 -921.86724045268033 0.0
7.0e22 -208236497.80244756 115148056.97882767 0.0 -515.76382603423542 -932.71962762087981 0.0
7.0e22 -211987788.2246699 110492203.97073945 0.0 -491.49028804575096 -942.96190457307057 0.0
7.0e22 -215635488.05289665 105721103.11295369 0.0 -467.03333708384639 -952.59090771545914 0.0
7.0e22 -219176188.41378117 100837046.98685856 0.0 -442.40795991792845 -961.60382792016196 0.0
7.0e22 -222606530.87605911 95842426.35807319 0.0 -417.62917614611149 -969.99821088817328 0.0
7.0e22 -225923210.22334874 90739729.07369338 0.0 -392.71202996577188 -977.77195732136033 0.0
7.0e22 -229122977.20301184 85531538.882413149 0.0 -367.67158194914691 -984.92332290365698 0.0
7.0e22 -232202641.24895725 80220534.178036228 0.0 -342.52290082846696 -991.45091809175062 0.0
7.0e22 -235159073.17627624 74809486.666951075 0.0 -317.28105529510668 -997.35370771564999 0.0
7.0e22 -237989207.84561643 69301259.960200787 0.0 -291.96110581722206 -1002.631010389635 0.0
7.0e22 -240690046.79521027 63698808.090835132 0.0 -266.5780964803244 -1007.282497734192 0.0
7.0e22 -243258660.83849326 58005173.957289882 0.0 -241.14704685522429 -1011.3081934096489 0.0
7.0e22 -245692192.62526298 52223487.693594769 0.0 -215.68294389775258 -1014.708471962317 0.0
7.0e22 -247987859.1643481 46356964.967267156 0.0 -190.20073388464758 -1017.4840574840649 0.0
7.0e22 -250142954.30577829 40408905.205804601 0.0 -164.71531438996374 -1019.6360220863402 0.0
7.0e22 -252154851.18046635 34382689.752745084 0.0 -139.24152630633702 -1021.1657841897671 0.0
7.0e22 -254021004.59543762 28281779.954315946 0.0 -113.79414591539708 -1022.0751066305414 0.0
7.0e22 -255738953.38266772 22109715.177750945 0.0 -88.387877011601489 -1022.3660945849541 0.0
7.0e22 -257306322.69961277 15870110.762403946 0.0 -63.037343083713282 -1022.0411933134612 0.0
7.0e22 -258720826.27954799 9566655.904843187 0.0 -37.757079558115358 -1021.1031857258338 0.0
7.0e22 -259980268.62985593 3203111.4791620173 0.0 -12.561526108113551 -1019.5551897690053 0.0
7.0e22 -261082547.17643926 -3216692.2062086738 0.0 12.534980966670984 -1017.4006556393356 0.0
7.0e22 -262025654.3524619 -9688857.7138465922 0.0 37.518216286748853 -1014.6433628211101 0.0
7.0e22 -262807679.62965947 -16209422.843456995 0.0 62.374072861041007 -1011.2874169531805 0.0
7.0e22 -263426811.49049023 -22774363.057327442 0.0 87.08856947302101 -1007.3372465257492 0.0
7.0e22 -263881339.33943796 -29379593.963633139 0.0 111.64785798080491 -1002.7975994093982 0.0
7.0e22 -264169655.35181284 -36020973.85606271 0.0 136.038230527335 -997.6735392185393 0.0
7.0e22 -264290256.25843576 -42694306.308183789 0.0 160.24612665684452 -991.97044151156797 0.0
7.0e22 -264241745.06463313 -49395342.8209268 0.0 184.25814033386243 -985.69398983007852 0.0
7.0e22 -264022832.7020067 -56119785.521518067 0.0 208.06102686106991 -978.85017157959396 0.0
7.0e22 -263632339.61149052 -62863289.912150994 0.0 231.64170969238077 -971.44527375434097 0.0
7.0e22 -263069197.25624502 -69621467.666643277 0.0 254.98728713769128 -963.48587850868921 0.0
7.0e22 -262332449.56298894 -76389889.473283529 0.0 278.08503895579378 -954.97885857795677 0.0
7.0e22 -261421254.29041049 -83164087.922034889 0.0 300.92243283203328 -945.93137255135412 0.0
7.0e22 -260334884.3233501 -89939560.434221298 0.0 323.48713073734575 -936.35085999993601 0.0
7.0e22 -259072728.89149308 -96711772.232786596 0.0 345.76699516538741 -926.24503646248127 0.0
7.0e22 -257634294.71136078 -103476159.3511782 0.0 367.75009524454271 -915.62188829232696 0.0
7.0e22 -256019207.0504384 -110228131.67887565 0.0 389.42471272167131 -904.48966736822422 0.0
7.0e22 -254227210.71232969 -116963076.04154553 0.0 410.7793478145241 -892.85688567238253 0.0
7.0e22 -252258170.94188035 -123676359.31377654 0.0 431.80272492984551 -880.73230973891759 0.0
7.0e22 -250112074.24926475 -130363331.56231508 0.0 452.48379824425371 -868.1249549759998 0.0
7.0e22 -247789029.15208519 -137019329.21769163 0.0 472.81175714507185 -855.04407986505964 0.0
7.0e22 -245289266.83458874 -143639678.27210248 0.0 492.77603152836338 -841.49918004046515 0.0
7.0e22 -242613141.72315925 -150219697.50138083 0.0 512.36629695151521 -827.49998225316369 0.0
7.0e22 -239761131.97730207 -156754701.70886922 0.0 531.57247963778764 -813.05643822182185 0.0
7.0e22 -236733839.89539447 -163240004.98897967 0.0 550.38476133034578 -798.17871837506482 0.0
7.0e22 -233531992.23453209 -169670924.00820518 0.0 568.79358399336911 -782.8772054884754 0.0
7.0e22 -230156440.4438625 -176042781.30132645 0.0 586.7896543579252 -767.16248822005434 0.0
7.0e22 -226608160.81085253 -182350908.58053768 0.0 604.36394831038774 -751.04535454790266 0.0
7.0e22 -222888254.52000082 -188590650.05519733 0.0 621.50771512126471 -734.53678511393935 0.0
7.0e22 -218997947.62356165 -194757365.75989339 0.0 638.2124815123982 -717.6479464775033 0.0
7.0e22 -214938590.9239116 -200846434.88849863 0.0 654.47005556059037 -700.39018428274267 0.0
7.0e22 -210711659.76724973 -206853259.13187724 0.0 670.27253043580197 -682.77501634373459 0.0
7.0e22 -206318753.74838239 -212773266.01689437 0.0 685.61228797217143 -664.8141256513112 0.0
7.0e22 -201761596.32640994 -218601912.24436799 0.0 700.48200207018772 -646.51935330561992 0.0
7.0e22 -197042034.3511903 -224334687.02359545 0.0 714.87464192845505 -627.90269137846633 0.0
7.0e22 -192162037.50051963 -229967115.40108192 0.0 728.78347510358867 -608.97627570953102 0.0
7.0e22 -187123697.62803411 -235494761.58108905 0.0 742.20207039686341 -589.7523786405801 0.0
7.0e22 -181929228.02189544 -240913232.23562488 0.0 755.12430056635696 -570.24340169180709 0.0
7.0e22 -176580962.57439399 -246218179.80148676 0.0 767.54434486340722 -550.46186818449803 0.0
7.0e22 -171081354.86265805 -251405305.76197618 0.0 779.45669139232177 -530.42041581419858 0.0
7.0e22 -165432977.14072555 -256470363.91090325 0.0 790.85613929236968 -510.13178917860517 0.0
7.0e22 -159638519.24330056 -261409163.59649989 0.0 801.73780074117974 -489.60883226442485 0.0
7.0e22 -153700787.40157494 -266217572.94286984 0.0 812.09710277878742 -468.86448089744863 0.0
7.0e22 -147622702.97156239 -270891522.04660845 0.0 821.92978895165663 -447.91175516010759 0.0
7.0e22 -141407301.07545504 -275427006.14623219 0.0 831.23192077611714 -426.76375178079167 0.0
7.0e22 -135057729.15657482 -279820088.76207203 0.0 839.9998790207527 -405.43363649921668 0.0
7.0e22 -128577245.44855595 -284066904.80429202 0.0 848.23036480738085 -383.93463641213623 0.0
7.0e22 -121969217.35945752 -288163663.64671212 0.0 855.92040053036442 -362.28003230369495 0.0
7.0e22 -115237119.77156657 -292106652.16412592 0.0 863.06733059409794 -340.48315096472436 0.0
7.0e22 -108384533.25771499 -295892237.73082328 0.0 869.66882196862116 -318.55735750528225 0.0
7.0e22 -101415142.21499728 -299516871.17804611 0.0 875.72286456339464 -296.51604766473383 0.0
7.0e22 -94332732.91683051 -302977089.7081241 0.0 881.22777141940151 -274.37264012365728 0.0
7.0e22 -87141191.484370396 -306269519.7630614 0.0 886.18217871981199 -252.14056882187137 0.0
7.0e22 -79844501.778345659 -309390879.84536606 0.0 890.58504561957511 -229.83327528684828 0.0
7.0e22 -72446743.212440789 -312337983.28894204 0.0 894.43565389438106 -207.4642009767754 0.0
7.0e22 -64952088.489413068 -315107740.97788823 0.0 897.73360740955309 -185.04677964251283 0.0
7.0e22 -57364801.261189252 -317697164.01107699 0.0 900.47883140951978 -162.59442971267438 0.0
7.0e22 -49689233.714245215 -320103366.31041735 0.0 902.6715716286202 -140.12054670604024 0.0
7.0e22 -41929824.081628494 -322323567.17073584 0.0 904.3123932240984 -117.63849567548931 0.0
7.0e22 -34091094.083040968 -324355093.7492432 0.0 905.40217953222827 -95.161603687611446 0.0
7.0e22 -26177646.294455025 -326195383.49258894 0.0 905.94213064862697 -72.703152342140754 0.0
7.0e22 -18194161.448786989 -327841986.49954325 0.0 905.93376183389466 -50.276370335304158 0.0
7.0e22 -10145395.669213949 -329292567.81737977 0.0 905.37890174582344 -27.894426071176458 0.0
7.0e22 -2036177.6367643101 -330544909.67007518 0.0 904.2796904995123 -5.5704203250719511 0.0
7.0e22 6128594.3061302472 -331596913.61648166 0.0 902.63857755681886 16.682621037017 0.0
7.0e22 14343955.114384552 -332446602.63666677 0.0 900.45831944666929 38.851754278967029 0.0
7.0e22 22604876.059524249 -333092123.14466304 0.0 897.74197731784932 60.924124951128746 0.0
7.0e22 30906267.807628721 -333531746.92591155 0.0 894.49291432597602 82.886974979104082 0.0
7.0e22 39242983.554068692 -333763872.99772936 0.0 890.71479285645523 104.72764968085498 0.0
7.0e22 47609822.213108242 -333787029.39118004 0.0 886.41157158531109 126.43360470834902 0.0
7.0e22 56001531.660395533 -333599874.85277301 0.0 881.58750237986135 147.99241290999677 0.0
7.0e22 64412812.026320435 -333201200.46446794 0.0 876.24712704130309 169.39177111018125 0.0
7.0e22 72838319.038180724 -332589931.18051285 0.0 870.3952738913548 190.61950680224874 0.0
7.0e22 81272667.409045681 -331765127.27969301 0.0 864.03705420519032 211.66358475135692 0.0
7.0e22 89710434.271177262 -330725985.73162663 0.0 857.17785849297593 232.51211350366236 0.0
7.0e22 98146162.651822269 -329471841.47579163 0.0 849.82335263241032 253.1533517983687 0.0
7.0e22 106574364.98915502 -328002168.61202937 0.0 841.97947385474015 273.57571487922428 0.0
7.0e22 114989526.68611206 -326316581.50132227 0.0 833.65242658681041 293.7677807021206 0.0
7.0e22 123386109.69982678 -324414835.7757051 0.0 824.84867815177608 313.71829603550424 0.0
7.0e22 131758556.16433814 -322296829.2562238 0.0 815.57495433118595 333.41618245038302 0.0
7.0e22 140101292.04421592 -319962602.77791798 0.0 805.83823479121668 352.85054219677494 0.0
7.0e22 148408730.81671372 -317412340.92086482 0.0 795.64574837591113 372.01066396351132 0.0
7.0e22 156675277.18003681 -314646372.64637774 0.0 785.00496827033953 390.88602851839477 0.0
7.0e22 164895330.78527594 -311665171.83752394 0.0 773.92360703668123 409.4663142257549 0.0
7.0e22 173063289.98954216 -308469357.7431795 0.0 762.40961152627767 427.74140243854993 0.0
7.0e22 181173555.62780842 -305059695.3249107 0.0 750.47115767078287 445.70138276221712 0.0
7.0e22 189220534.8009426 -301437095.5060308 0.0 738.11664515559721 463.33655818756188 0.0
7.0e22 197198644.6773963 -297602615.32224846 0.0 725.35469197882776 480.6374500900485 0.0
7.0e22 205102316.30599505 -293557457.97338915 0.0 712.19412889908563 497.59480309294099 0.0
7.0e22 212925998.43725783 -289302972.77573657 0.0 698.64399377547772 514.19958979181695 0.0
7.0e22 220664161.3506588 -284840655.01461005 0.0 684.7135258032165 530.44301533806549 0.0
7.0e22 228311300.6852302 -280172145.69685698 0.0 670.41215964831429 546.31652187906241 0.0
7.0e22 235861941.27089235 -275299231.20301348 0.0 655.74951948489047 561.81179285279495 0.0
7.0e22 243310640.95789042 -270223842.83894533 0.0 640.73541293865344 576.9207571348104 0.0
7.0e22 250651994.44170278 -264948056.28686211 0.0 625.37982494018831 591.63559303542627 0.0
7.0e22 257880637.08078426 -259474090.9556531 0.0 609.69291149170454 605.94873214524887 0.0
7.0e22 264991248.70450106 -253804309.23057193 0.0 593.68499335095271 619.85286302712734 0.0
7.0e22 271978557.40861112 -247941215.62236285 0.0 577.36654963605815 633.34093475275779 0.0
7.0e22 278837343.33564115 -241887455.81598979 0.0 560.74821135505613 646.40616028225043 0.0
7.0e22 285562442.4375152 -235645815.61920145 0.0 543.84075486394852 659.04201968505708 0.0
7.0e22 292148750.21778792 -229219219.81123337 0.0 526.65509525713912 671.24226320075331 0.0
7.0e22 298591225.45084345 -222610730.89201781 0.0 509.20227969413571 683.00091413826328 0.0
7.0e22 304884893.87542635 -215823547.73234209 0.0 491.49348066642852 694.31227161220681 0.0
7.0e22 311024851.85987318 -208861004.12546855 0.0 473.53998920850506 705.17091311513775 0.0
7.0e22 317006270.03643554 -201726567.24078962 0.0 455.35320805694636 715.57169692455693 0.0
7.0e22 322824396.90208232 -194423835.98017311 0.0 436.94464476161818 725.50976434365066 0.0
7.0e22 328474562.38319165 -186956539.23771182 0.0 418.32590475295729 734.98054177482811 0.0
7.0e22 333952181.36155635 -179328534.06366575 0.0 399.50868436938458 743.97974262520574 0.0
7.0e22 339252757.15914094 -171543803.7334505 0.0 380.50476384889265 752.503369043303 0.0
7.0e22 344371884.97905147 -163606455.7225965 0.0 361.3260002888639 760.5477134862939 0.0
7.0e22 349305255.30019432 -155520719.58866844 0.0 341.98432057819298 768.10936011726812 0.0
7.0e22 354048657.22312838 -147290944.76120335 0.0 322.49171430578895 775.18518603204654 0.0
7.0e22 358597981.76463562 -138921598.2407921 0.0 302.86022664954368 781.77236231519498 0.0
7.0e22 362949225.09856039 -130417262.2084939 0.0 283.10195124985665 787.86835492498028 0.0
7.0e22 367098491.74049962 -121782631.54684341 0.0 263.22902307180908 793.47092540710469 0.0
7.0e22 371041997.67395043 -113022511.27376489 0.0 243.25361126006896 798.57813143716021 0.0
7.0e22 374776073.41555548 -104141813.89078684 0.0 223.18791199062838 803.18832719183308 0.0
7.0e22 378297167.01712096 -95145556.647000194 0.0 203.04414132344519 807.30016354899328 0.0
7.0e22 381601847.00211084 -86038858.720273703 0.0 182.8345280600679 810.91258811689659 0.0
7.0e22 384686805.23436582 -76826938.317299873 0.0 162.5713066103084 814.02484509282533 0.0
7.0e22 387548859.7168237 -67515109.694105178 0.0 142.26670987201598 816.63647495159012 0.0
7.0e22 390184957.31806618 -58108780.098719485 0.0 121.93296212799028 818.74731396441211 0.0
7.0e22 392592176.42455149 -48613446.637758076 0.0 101.58227196405595 820.35749354879738 0.0
7.0e22 394767729.51644015 -39034693.068727538 0.0 81.226825212300895 821.46743945011497 0.0
7.0e22 396708965.66496068 -29378186.519926246 0.0 60.878777923463936 822.07787075568092 0.0
7.0e22 398413372.94931281 -19649674.13985911 0.0 40.550249372419792 822.1897987422484 0.0
7.0e22 399878580.79114866 -9854979.6781528592 0.0 20.253315100708051 821.80452555789168 0.0
