16 60 5000
5.0e24 0.0 0.0 0.0 0.0 0.0 0.0
7.0e22 4.0e8 0.0 0.0 0.0 900.0 0.0
7.0e22 3.695518e8 1.530734e8 0.0 -344.4 831.5 0.0
7.0e22 2.828427e8 2.828427e8 0.0 -636.4 636.4 0.0
7.0e22 1.530734e8 3.695518e8 0.0 -831.5 344.4 0.0
7.0e22 0.0 4.0e8 0.0 -900.0 0.0 0.0
7.0e22 -1.530734e8 3.695518e8 0.0 -831.5 -344.4 0.0
7.0e22 -2.828427e8 2.828427e8 0.0 -636.4 -636.4 0.0
7.0e22 -3.695518e8 1.530734e8 0.0 -344.4 -831.5 0.0
7.0e22 -4.0e8 0.0 0.0 0.0 -900.0 0.0
7.0e22 -3.695518e8 -1.530734e8 0.0 344.4 -831.5 0.0
7.0e22 -2.828427e8 -2.828427e8 0.0 636.4 -636.4 0.0
7.0e22 -1.530734e8 -3.695518e8 0.0 831.5 -344.4 0.0
7.0e22 0.0 -4.0e8 0.0 900.0 0.0 0.0
7.0e22 1.530734e8 -3.695518e8 0.0 831.5 344.4 0.0
7.0e22 2.828427e8 -2.828427e8 0.0 636.4 636.4 0.0
7.0e22 3.695518e8 -1.530734e8 0.0 344.4 831.5 0.0
